> 38006F45291200
00111000000000000110111101000101001010010001001000000000
001
   110
      0
       000000000011011

                      110
                         100
                            01010

                                 010
                                    100
                                       10001
                                            00100
                                                 0000000

> EE00D40C823060
11101110000000001101010000001100100000100011000001100000
111
   011
      1
       00000000011

                  010
                     100
                        00001

                             100
                                100
                                   00010

                                        001
                                           100
                                              00011
                                              
                                                   00000